ug_10_layout1.csv,0.523284022661,15.7485955091,0.259443086251,15.4847545727
ug_10_layout10.csv,0.39976232268,13.0492375165,0.198599383377,12.8480745772
ug_10_layout100.csv,0.371326235261,17.2634601991,0.186019276637,17.0781532405
ug_10_layout11.csv,0.428084781063,17.6377100791,0.208722985696,17.4183482837
ug_10_layout12.csv,0.403036252699,17.1381409324,0.204456026321,16.939560706
ug_10_layout13.csv,0.540840858143,14.2726278878,0.27965292774,14.0114399574
ug_10_layout14.csv,0.492042542074,15.9059777538,0.255104470589,15.6690396823
ug_10_layout15.csv,0.565609189495,15.1526541426,0.885920335473,16.1467402065
ug_10_layout16.csv,0.405511988505,13.5606968605,0.200671127352,13.3558559993
ug_10_layout17.csv,0.406839485581,17.351575747,0.20757241376,17.1523086752
ug_10_layout18.csv,0.439655915254,14.8949301783,0.227204015635,14.6824782787
ug_10_layout19.csv,0.423337719386,16.7548049071,0.228887461313,16.5603546491
ug_10_layout2.csv,0.523245653797,16.5427417658,0.254858491037,16.274354603
ug_10_layout20.csv,0.385024469473,17.0869870198,0.192090983201,16.8940535335
ug_10_layout21.csv,0.422260815191,14.225873507,0.216477574804,14.0200902666
ug_10_layout22.csv,0.427302335638,13.157918989,0.21402221312,12.9446388664
ug_10_layout23.csv,0.398763606323,13.0887710544,0.209630877076,12.8996383252
ug_10_layout24.csv,0.431279392229,16.1400748478,0.217850153235,15.9266456088
ug_10_layout25.csv,0.485152347393,16.2257585411,0.247711605389,15.9883177991
ug_10_layout26.csv,0.715383430285,15.8065856696,0.299400090193,15.3906023295
ug_10_layout27.csv,0.486042516802,16.3069730317,0.242686916835,16.0636174317
ug_10_layout28.csv,0.403904296447,12.7626634594,0.212787504311,12.5715466673
ug_10_layout29.csv,0.420539773225,14.443007236,0.214095883814,14.2365633466
ug_10_layout3.csv,0.431844028208,14.7548767035,0.223090114624,14.5461227899
ug_10_layout30.csv,0.41406978438,17.1114043285,0.208383660081,16.9057182042
ug_10_layout31.csv,0.473841074011,15.9412775412,0.251542890095,15.7189793573
ug_10_layout32.csv,0.542371621378,14.6917681255,0.263110752307,14.4125072565
ug_10_layout33.csv,0.485297329224,16.3254548154,0.250513143831,16.09067063
ug_10_layout34.csv,0.480458428689,15.9421211473,0.249211594221,15.7108743128
ug_10_layout35.csv,0.462229324484,17.8770940345,0.2485273063,17.6633920164
ug_10_layout36.csv,0.441688812441,13.086822605,0.252025442025,12.8971592346
ug_10_layout37.csv,0.516470158104,16.5843581178,0.249357134262,16.3172450939
ug_10_layout38.csv,0.482324328659,16.706675314,0.241035845262,16.4653868306
ug_10_layout39.csv,0.523450814289,15.6538655295,0.274048031446,15.4044627466
ug_10_layout4.csv,0.401388408567,14.4105869498,0.198604006663,14.2078025479
ug_10_layout40.csv,0.484449862535,14.5505401941,0.235152534527,14.3012428661
ug_10_layout41.csv,0.611914661805,15.3901313233,0.391775159164,15.1699918207
ug_10_layout42.csv,0.483487624227,14.4546237394,0.24472079434,14.2158569095
ug_10_layout43.csv,0.43260155497,16.249854629,0.210860628698,16.0281137027
ug_10_layout44.csv,0.504925159747,16.3515295724,0.262543059719,16.1091474724
ug_10_layout45.csv,0.43566301298,13.9719196282,0.225723724201,13.7619803395
ug_10_layout46.csv,0.500361132889,16.2497476709,0.257816159072,16.0072026971
ug_10_layout47.csv,0.407846813057,12.9795527168,0.214800653078,12.7865065568
ug_10_layout48.csv,0.432227548223,12.8732434227,0.230132957869,12.6711488323
ug_10_layout49.csv,0.441917062347,14.6990092956,0.233176872978,14.4902691062
ug_10_layout5.csv,0.898879961928,14.8357454059,0.518410797069,14.455276241
ug_10_layout50.csv,0.510470887817,16.6928141031,0.252623399075,16.4349666143
ug_10_layout51.csv,0.386560714728,10.0644097358,0.5728247478,10.2506737688
ug_10_layout52.csv,0.436782131361,14.9208655869,0.218307702088,14.7023911577
ug_10_layout53.csv,0.396085915109,13.742444061,0.196641534969,13.5429996809
ug_10_layout54.csv,0.480275201141,14.0922950986,0.243772307171,13.8557922047
ug_10_layout55.csv,0.40729613389,14.2158997073,0.208652370846,14.0172559443
ug_10_layout56.csv,0.409974810776,12.7539568669,0.214531750546,12.5585138066
ug_10_layout57.csv,0.449928854813,12.9951837466,0.220252293283,12.765507185
ug_10_layout58.csv,0.551180628873,15.4326360534,0.273463482308,15.1549189068
ug_10_layout59.csv,0.492775342103,15.1614968756,0.244134333533,14.9128558671
ug_10_layout6.csv,0.53076366673,15.3251552023,0.276417618388,15.0708091539
ug_10_layout60.csv,0.407712160272,12.5266298343,0.218786484006,12.3377041581
ug_10_layout61.csv,0.411821411564,14.0266360309,0.212784869741,13.8275994891
ug_10_layout62.csv,0.527387340909,15.8417476571,0.2623016313,15.5766619475
ug_10_layout63.csv,0.393195018287,15.5819355424,0.202675788008,15.3914163122
ug_10_layout64.csv,0.421206362077,13.1577460137,0.216808911384,12.953348563
ug_10_layout65.csv,0.498027053694,14.8335149326,0.259064233165,14.5945521121
ug_10_layout66.csv,0.406258684758,12.5915137222,0.215013682516,12.40026872
ug_10_layout67.csv,0.483170091834,15.6645510794,0.263717355264,15.4450983428
ug_10_layout68.csv,0.426504479714,13.5571829896,0.209285847362,13.3399643572
ug_10_layout69.csv,0.508750787257,14.759318049,0.266262027874,14.5168292896
ug_10_layout7.csv,0.449169536059,16.3858672772,0.225035998419,16.1617337395
ug_10_layout70.csv,0.427035189002,14.648343172,0.222786076953,14.4440940599
ug_10_layout71.csv,0.413752890477,16.4430101918,0.203432100183,16.2326894015
ug_10_layout72.csv,0.414897904515,16.8930191332,0.208126896726,16.6862481254
ug_10_layout73.csv,0.475271835499,14.3456686215,0.233235887231,14.1036326732
ug_10_layout74.csv,0.525394193954,15.5325298208,0.27082098315,15.27795661
ug_10_layout75.csv,0.487398064366,14.5495360582,0.236235854907,14.2983738488
ug_10_layout76.csv,0.432593739658,13.6951185958,0.225237570957,13.4877624271
ug_10_layout77.csv,0.443860024746,16.5081987426,0.223506956533,16.2878456744
ug_10_layout78.csv,0.405092915528,14.9289815527,0.197046792646,14.7209354298
ug_10_layout79.csv,0.67996445644,16.3085046816,0.336064528805,15.964604754
ug_10_layout8.csv,0.381718978579,13.0041651857,0.179706455992,12.8021526631
ug_10_layout80.csv,0.564292889824,13.9864712192,0.33047469646,13.7526530259
ug_10_layout81.csv,0.397504832364,13.1153335312,0.200558706241,12.9183874051
ug_10_layout82.csv,0.452707844247,13.0347871454,0.241540952749,12.8236202539
ug_10_layout83.csv,0.384566027945,13.1128445074,0.19690456696,12.9251830464
ug_10_layout84.csv,0.292110966477,16.4759142159,0.472632622902,16.7311619508
ug_10_layout85.csv,0.419206145589,14.5487200789,0.214194064182,14.3437079975
ug_10_layout86.csv,1.11156493732,17.1291780745,0.737115451525,16.7547285887
ug_10_layout87.csv,0.507658046031,16.4251887296,0.261442274954,16.1789729585
ug_10_layout88.csv,0.532658706969,15.6388316366,0.865741431522,16.5667063491
ug_10_layout89.csv,0.464776926141,16.3812991205,0.236129424373,16.1526516188
ug_10_layout9.csv,0.532054815409,15.9623528248,0.262409646221,15.6927076556
ug_10_layout90.csv,0.437113751992,16.5694968592,0.221555626832,16.353938734
ug_10_layout91.csv,0.438121714563,15.369241775,0.218098756702,15.1492188171
ug_10_layout92.csv,0.482753778054,12.9743921834,0.714935949522,13.4558684277
ug_10_layout93.csv,0.48576880517,14.6024256102,0.245904494392,14.3625612994
ug_10_layout94.csv,0.404303831021,12.6649501949,0.213145641015,12.4737920049
ug_10_layout95.csv,0.4042252935,14.7432515946,0.205885898034,14.5449121991
ug_10_layout96.csv,0.662003811169,14.272720419,0.356128510253,13.966845118
ug_10_layout97.csv,0.463368427954,16.309508666,0.236598181339,16.0827384193
ug_10_layout98.csv,0.4032029564,14.0566447404,0.198519736689,13.8519615207
ug_10_layout99.csv,0.46016672735,14.4051501116,0.23759887935,14.1825822636
