ug_10_layout1.csv,0.523284022661,15.7485955091,0.259443086251,15.4847545727
ug_10_layout10.csv,0.39976232268,13.0492375165,0.198599383377,12.8480745772
ug_10_layout100.csv,0.371326235261,17.2634601991,0.186019276637,17.0781532405
ug_10_layout11.csv,0.428084781063,17.6377100791,0.208722985696,17.4183482837
ug_10_layout12.csv,0.403036252699,17.1381409324,0.204456026321,16.939560706
ug_10_layout13.csv,0.540840858143,14.2726278878,0.27965292774,14.0114399574
ug_10_layout14.csv,0.492042542074,15.9059777538,0.255104470589,15.6690396823
ug_10_layout15.csv,0.565609189495,15.1526541426,0.885920335473,16.1467402065
ug_10_layout16.csv,0.405511988505,13.5606968605,0.200671127352,13.3558559993
ug_10_layout17.csv,0.406839485581,17.351575747,0.20757241376,17.1523086752
ug_10_layout18.csv,0.439655915254,14.8949301783,0.227204015635,14.6824782787
ug_10_layout19.csv,0.423337719386,16.7548049071,0.228887461313,16.5603546491
ug_10_layout1.csv,0.523284022661,15.7485955091,0.259443086251,15.4847545727
ug_10_layout10.csv,0.39976232268,13.0492375165,0.198599383377,12.8480745772
ug_10_layout100.csv,0.371326235261,17.2634601991,0.186019276637,17.0781532405
ug_10_layout11.csv,0.428084781063,17.6377100791,0.208722985696,17.4183482837
ug_10_layout12.csv,0.403036252699,17.1381409324,0.204456026321,16.939560706
ug_10_layout13.csv,0.540840858143,14.2726278878,0.27965292774,14.0114399574
ug_10_layout14.csv,0.492042542074,15.9059777538,0.255104470589,15.6690396823
ug_10_layout15.csv,0.565609189495,15.1526541426,0.885920335473,16.1467402065
ug_10_layout16.csv,0.405511988505,13.5606968605,0.200671127352,13.3558559993
ug_10_layout17.csv,0.406839485581,17.351575747,0.20757241376,17.1523086752
ug_10_layout18.csv,0.439655915254,14.8949301783,0.227204015635,14.6824782787
ug_10_layout19.csv,0.423337719386,16.7548049071,0.228887461313,16.5603546491
