/Users/hapless/gdsym/layouts/ug_209/ug_209_layout1.csv,0.737466691496,4.69803712944,1.23445802561,5.19502846356
/Users/hapless/gdsym/layouts/ug_209/ug_209_layout10.csv,0.866834827601,3.5557959898,2.96756418428,5.65652534649
/Users/hapless/gdsym/layouts/ug_209/ug_209_layout100.csv,0.64071370157,5.84186649747,2.69843588703,7.89958868293
/Users/hapless/gdsym/layouts/ug_209/ug_209_layout11.csv,0.656333361839,5.30205158063,2.21023227089,6.85595048968
/Users/hapless/gdsym/layouts/ug_209/ug_209_layout12.csv,0.64917147852,4.1857201377,3.41955445675,6.95610311593
/Users/hapless/gdsym/layouts/ug_209/ug_209_layout13.csv,0.822293464261,5.68640462639,1.9724058045,6.83651696663
/Users/hapless/gdsym/layouts/ug_209/ug_209_layout14.csv,0.671050942984,4.84079185502,2.9827611284,7.15250204043
/Users/hapless/gdsym/layouts/ug_209/ug_209_layout15.csv,0.656074003689,5.9615013228,2.64954909522,7.95497641433
/Users/hapless/gdsym/layouts/ug_209/ug_209_layout16.csv,0.91316146283,4.13428660793,3.20866476204,6.42978990714
/Users/hapless/gdsym/layouts/ug_209/ug_209_layout17.csv,0.57950462664,3.74012133902,2.58605198775,5.74666870013
/Users/hapless/gdsym/layouts/ug_209/ug_209_layout18.csv,0.707614457064,6.41861041283,3.10601117145,8.81700712722
/Users/hapless/gdsym/layouts/ug_209/ug_209_layout19.csv,0.788468818812,6.66690828065,4.79775974595,10.6761992078
/Users/hapless/gdsym/layouts/ug_209/ug_209_layout2.csv,0.92860624647,4.44480027124,1.43235469999,4.94854872477
/Users/hapless/gdsym/layouts/ug_209/ug_209_layout20.csv,0.721558529115,5.2017935986,2.43458603347,6.91482110295
/Users/hapless/gdsym/layouts/ug_209/ug_209_layout21.csv,0.892820658371,4.98536472755,2.63619957749,6.72874364667
/Users/hapless/gdsym/layouts/ug_209/ug_209_layout22.csv,0.954221535366,4.35315052238,3.2616584958,6.66058748281
/Users/hapless/gdsym/layouts/ug_209/ug_209_layout23.csv,0.827725070871,7.21359638458,1.16674408083,7.55261539454
/Users/hapless/gdsym/layouts/ug_209/ug_209_layout24.csv,2.69518585906,5.74921033397,3.17457874732,6.22860322223
/Users/hapless/gdsym/layouts/ug_209/ug_209_layout25.csv,3.7365601844,9.23912387161,3.7365601844,9.23912387161
/Users/hapless/gdsym/layouts/ug_209/ug_209_layout26.csv,0.751208722747,6.57607526821,3.17370915618,8.99857570165
/Users/hapless/gdsym/layouts/ug_209/ug_209_layout27.csv,0.773014694717,5.47619717151,3.4410578304,8.14424030719
/Users/hapless/gdsym/layouts/ug_209/ug_209_layout28.csv,0.720832966221,4.89642276515,2.93213484494,7.10772464387
/Users/hapless/gdsym/layouts/ug_209/ug_209_layout29.csv,0.584233015552,4.2771930752,1.7862297608,5.47918982045
/Users/hapless/gdsym/layouts/ug_209/ug_209_layout3.csv,1.10048690156,7.14046671994,4.01209303274,10.0520728511
/Users/hapless/gdsym/layouts/ug_209/ug_209_layout30.csv,0.650105855838,5.46556692544,2.93270488642,7.74816595602
/Users/hapless/gdsym/layouts/ug_209/ug_209_layout31.csv,0.63859103686,5.13872548975,1.95824072463,6.45837517752
/Users/hapless/gdsym/layouts/ug_209/ug_209_layout32.csv,0.671580494792,3.75797679763,1.29766592397,4.38406222682
/Users/hapless/gdsym/layouts/ug_209/ug_209_layout33.csv,0.531805132879,3.94216823823,1.84306575291,5.25342885826
/Users/hapless/gdsym/layouts/ug_209/ug_209_layout34.csv,0.77022786629,4.84223206952,1.24587528785,5.31787949108
/Users/hapless/gdsym/layouts/ug_209/ug_209_layout35.csv,0.668544736454,5.80307420091,2.98600970514,8.1205391696
/Users/hapless/gdsym/layouts/ug_209/ug_209_layout36.csv,0.845498963534,5.98985798924,3.24204680599,8.38640583169
/Users/hapless/gdsym/layouts/ug_209/ug_209_layout37.csv,2.76426846776,6.34283148315,3.30708620455,6.88564921994
/Users/hapless/gdsym/layouts/ug_209/ug_209_layout38.csv,0.587477505412,4.07630107942,1.77344671087,5.26227028487
/Users/hapless/gdsym/layouts/ug_209/ug_209_layout39.csv,0.570468792133,3.21738142284,2.42194632341,5.06885895412
/Users/hapless/gdsym/layouts/ug_209/ug_209_layout4.csv,0.990365098462,6.22621749141,1.42636012873,6.66221252167
/Users/hapless/gdsym/layouts/ug_209/ug_209_layout40.csv,0.706879007573,5.89205618635,2.87253887149,8.05771605026
/Users/hapless/gdsym/layouts/ug_209/ug_209_layout41.csv,0.685370583727,5.68513107657,2.96124161017,7.96100210301
/Users/hapless/gdsym/layouts/ug_209/ug_209_layout42.csv,2.80207546344,8.30833568502,3.32696933904,8.83322956062
/Users/hapless/gdsym/layouts/ug_209/ug_209_layout43.csv,0.634678640955,4.73708824181,1.37365583998,5.47606544083
/Users/hapless/gdsym/layouts/ug_209/ug_209_layout44.csv,0.666186163997,5.2825730258,1.0003999038,5.6167867656
/Users/hapless/gdsym/layouts/ug_209/ug_209_layout45.csv,0.659697282345,6.1540342569,2.81623039711,8.31056737166
/Users/hapless/gdsym/layouts/ug_209/ug_209_layout46.csv,0.654851982359,4.18244208982,1.73604296261,5.26363307007
/Users/hapless/gdsym/layouts/ug_209/ug_209_layout47.csv,0.655005994716,4.70907180681,2.77005896925,6.82412478134
/Users/hapless/gdsym/layouts/ug_209/ug_209_layout48.csv,0.89316111224,4.29593473738,1.33972004582,4.74249367097
/Users/hapless/gdsym/layouts/ug_209/ug_209_layout49.csv,0.706855896563,6.11155173086,3.29701425003,8.70171008433
/Users/hapless/gdsym/layouts/ug_209/ug_209_layout5.csv,0.719679218956,5.68061702671,1.90994645601,6.87088426376
/Users/hapless/gdsym/layouts/ug_209/ug_209_layout50.csv,0.64859571455,5.7632187597,3.00488447346,8.11950751861
/Users/hapless/gdsym/layouts/ug_209/ug_209_layout51.csv,0.815124077452,4.71806235256,1.89169763295,5.79463590806
/Users/hapless/gdsym/layouts/ug_209/ug_209_layout52.csv,0.496096190628,3.81041938455,3.01946613944,6.33378933336
/Users/hapless/gdsym/layouts/ug_209/ug_209_layout53.csv,0.622661379353,5.62239261237,2.64541336423,7.64514459725
/Users/hapless/gdsym/layouts/ug_209/ug_209_layout54.csv,0.583855975177,4.88931638061,1.88766613856,6.19312654399
/Users/hapless/gdsym/layouts/ug_209/ug_209_layout55.csv,0.797388554181,5.52075419043,4.28497390134,9.00833953759
/Users/hapless/gdsym/layouts/ug_209/ug_209_layout56.csv,2.54219742575,7.30901624821,2.92478244518,7.69160126764
/Users/hapless/gdsym/layouts/ug_209/ug_209_layout57.csv,0.825780290963,5.4971085064,4.46080895237,9.1321371678
/Users/hapless/gdsym/layouts/ug_209/ug_209_layout58.csv,0.762285122708,4.36172029468,1.39670962972,4.99614480169
/Users/hapless/gdsym/layouts/ug_209/ug_209_layout59.csv,0.674732743016,5.29131162523,0.968119019734,5.58469790194
/Users/hapless/gdsym/layouts/ug_209/ug_209_layout6.csv,2.64060467263,7.75972905769,3.09232546594,8.21144985099
/Users/hapless/gdsym/layouts/ug_209/ug_209_layout60.csv,0.749839501665,3.32577279751,2.55051150636,5.1264448022
/Users/hapless/gdsym/layouts/ug_209/ug_209_layout61.csv,0.62773835162,4.99021542019,2.3690252597,6.73150232827
/Users/hapless/gdsym/layouts/ug_209/ug_209_layout62.csv,3.02025416233,7.91802888043,3.70681799253,8.60459271063
/Users/hapless/gdsym/layouts/ug_209/ug_209_layout63.csv,0.624178935217,4.50220531809,2.27918202547,6.15720840835
/Users/hapless/gdsym/layouts/ug_209/ug_209_layout64.csv,0.535542676387,3.98066370161,1.97401793901,5.41913896423
/Users/hapless/gdsym/layouts/ug_209/ug_209_layout65.csv,2.56001807485,5.32163874553,2.9341892058,5.69580987647
/Users/hapless/gdsym/layouts/ug_209/ug_209_layout66.csv,0.821211047635,5.62148882432,1.96567495941,6.76595273609
/Users/hapless/gdsym/layouts/ug_209/ug_209_layout67.csv,0.790758767465,7.10312020785,1.28522978651,7.59759122689
/Users/hapless/gdsym/layouts/ug_209/ug_209_layout68.csv,0.685078963056,5.29553244561,1.02178157586,5.63223505841
/Users/hapless/gdsym/layouts/ug_209/ug_209_layout69.csv,2.56816186536,5.42655082061,2.94682524897,5.80521420422
/Users/hapless/gdsym/layouts/ug_209/ug_209_layout7.csv,3.00929278552,6.59397871476,3.51933184912,7.10401777836
/Users/hapless/gdsym/layouts/ug_209/ug_209_layout70.csv,0.66624110974,4.81172570477,1.7011904918,5.84667508682
/Users/hapless/gdsym/layouts/ug_209/ug_209_layout71.csv,0.703338071081,5.0741684073,2.796006675,7.16683701122
/Users/hapless/gdsym/layouts/ug_209/ug_209_layout72.csv,0.7848147203,4.84466702393,0.940021847364,4.99987415099
/Users/hapless/gdsym/layouts/ug_209/ug_209_layout73.csv,0.664279182069,4.5293039053,1.78594295454,5.65096767778
/Users/hapless/gdsym/layouts/ug_209/ug_209_layout74.csv,0.692729358449,6.10563486122,2.98778654266,8.40069204543
/Users/hapless/gdsym/layouts/ug_209/ug_209_layout75.csv,0.73486089392,5.56217306094,2.61666273179,7.44397489881
/Users/hapless/gdsym/layouts/ug_209/ug_209_layout76.csv,0.747134815969,5.52969722144,2.20423319166,6.98679559713
/Users/hapless/gdsym/layouts/ug_209/ug_209_layout77.csv,0.746690720128,5.96584322661,1.35568347383,6.57483598031
/Users/hapless/gdsym/layouts/ug_209/ug_209_layout78.csv,0.830271508756,5.51323866138,2.13476841145,6.81773556407
/Users/hapless/gdsym/layouts/ug_209/ug_209_layout79.csv,2.59345683904,7.63326384142,2.94204304825,7.98185005063
/Users/hapless/gdsym/layouts/ug_209/ug_209_layout8.csv,0.842743396119,4.58959378497,2.73085475721,6.47770514606
/Users/hapless/gdsym/layouts/ug_209/ug_209_layout80.csv,0.645241553866,4.22006886537,1.91930332232,5.49413063383
/Users/hapless/gdsym/layouts/ug_209/ug_209_layout81.csv,0.593286053495,3.08326134182,2.59815079693,5.08812608526
/Users/hapless/gdsym/layouts/ug_209/ug_209_layout82.csv,1.06734160116,6.28857840793,3.60813362112,8.82937042788
/Users/hapless/gdsym/layouts/ug_209/ug_209_layout83.csv,0.807439093098,4.03779973414,2.40737205869,5.63773269973
/Users/hapless/gdsym/layouts/ug_209/ug_209_layout84.csv,0.756235958513,6.73715721568,3.02100787188,9.00192912905
/Users/hapless/gdsym/layouts/ug_209/ug_209_layout85.csv,0.659810945725,5.83134532297,2.94857667874,8.12011105598
/Users/hapless/gdsym/layouts/ug_209/ug_209_layout86.csv,0.924538755016,6.21048865269,3.34677466002,8.63272455769
/Users/hapless/gdsym/layouts/ug_209/ug_209_layout87.csv,0.654062185365,5.74735740081,2.67519663002,7.76849184546
/Users/hapless/gdsym/layouts/ug_209/ug_209_layout88.csv,0.778789833846,5.48159376957,2.16601839495,6.86882233067
/Users/hapless/gdsym/layouts/ug_209/ug_209_layout89.csv,0.540710295491,3.78267081523,2.71509389153,5.95705441127
/Users/hapless/gdsym/layouts/ug_209/ug_209_layout9.csv,2.62658597558,7.77591442109,2.98155655385,8.13088499937
/Users/hapless/gdsym/layouts/ug_209/ug_209_layout90.csv,0.758846425657,6.62976874589,3.23006225502,9.10098457526
/Users/hapless/gdsym/layouts/ug_209/ug_209_layout91.csv,0.683202136784,4.06377777079,1.07952023951,4.46009587351
/Users/hapless/gdsym/layouts/ug_209/ug_209_layout92.csv,0.750860230465,5.86684338002,2.00133041615,7.11731356571
/Users/hapless/gdsym/layouts/ug_209/ug_209_layout93.csv,4.52470277565,11.6665624509,5.09483095657,12.2366906319
/Users/hapless/gdsym/layouts/ug_209/ug_209_layout94.csv,0.686291294341,3.49915643514,3.05149458732,5.86435972812
/Users/hapless/gdsym/layouts/ug_209/ug_209_layout95.csv,2.94164829219,6.75603855713,3.52079402998,7.33518429493
/Users/hapless/gdsym/layouts/ug_209/ug_209_layout96.csv,0.887041101118,4.5567372382,2.6744782025,6.34417433958
/Users/hapless/gdsym/layouts/ug_209/ug_209_layout97.csv,0.600413133315,5.17685841781,2.04278715268,6.61923243718
/Users/hapless/gdsym/layouts/ug_209/ug_209_layout98.csv,0.788446055117,5.87130137984,3.63918105841,8.72203638313
/Users/hapless/gdsym/layouts/ug_209/ug_209_layout99.csv,0.670784446723,4.13461618587,1.80468005718,5.26851179633
